56
MH816996-orthopoxvirus_abatino                  0.0000000 4.8603170 4.8328545 0.0245588 4.8676888 0.9895969 0.0184142 4.8428764 1.0292289 0.6542438 0.0122149 4.8605300 0.5235915 0.0120380 0.9486190 0.5090619 1.0339521 1.0371822 0.9727539 0.5552727 0.0153564 0.5505812 0.8695795 0.2083205 0.0167120 0.0173672 4.8161429 4.7836474 0.5592399 1.3590907 1.0067366 1.0021721 1.0332329 1.0350824 0.7862345 0.0688853 1.0059384 0.5618035 0.5551433 0.0641852 3.4438941 0.8328328 0.6797866 0.5523032 0.0147022 1.0383010 0.0128263 0.0200112 0.0198460 0.0672860 0.9483713 0.2640723 0.5390090 0.5498957 0.8705309 0.8912797 
AP013055-Anomala_cuprea_entomopoxvirus          4.8603170 0.0000000 1.2383581 4.8445188 1.2362481 5.4143691 4.8969668 1.2469212 4.8257848 4.8459186 4.8727685 1.2412493 4.8294620 4.8642937 5.1411875 4.8669525 4.8700480 4.8719923 5.4210258 4.8577567 4.8825223 4.8676796 5.4501421 4.8737087 4.8729554 4.8856112 1.4483929 1.2600953 4.9639449 5.2726651 5.4645439 5.4693689 4.8485347 4.8308976 4.9708957 4.8869091 5.4667956 4.9564767 4.8487967 4.8791768 5.8581527 5.0188978 5.2760205 4.8966034 4.8855971 4.8315213 4.8696882 4.8819399 4.8763641 4.8539519 5.1387320 4.8443037 4.8758940 4.8806155 4.9781057 5.3319561 
HF679131-Adoxophyes_honmai_entomopoxvirus       4.8328545 1.2383581 0.0000000 4.8194100 0.3450101 5.4470896 4.8625885 0.3133852 4.8431921 4.7083015 4.8410034 0.3169304 4.6847137 4.8610958 5.0958741 4.7999686 4.8964150 4.9080319 5.3945965 4.7673495 4.8552950 4.7695597 5.3113552 4.8260748 4.8502276 4.8532596 1.5872886 0.3961930 4.9244763 5.1918299 5.4989934 5.4870818 4.8901375 4.8781020 4.8387778 4.8365193 5.4570681 4.9142216 4.7626792 4.8378997 5.9996838 4.9892746 5.1487613 4.7524181 4.8614770 4.8949824 4.8527706 4.8569834 4.8413332 4.8491252 5.1085396 4.8376947 4.7652735 4.7505329 4.9049898 5.2574295 
MH607141-Akhmeta_virus                          0.0245588 4.8445188 4.8194100 0.0000000 4.8625335 0.9910198 0.0272022 4.8285466 1.0323570 0.6516257 0.0233118 4.8443624 0.5216894 0.0250445 0.9436932 0.5053734 1.0325055 1.0365998 0.9732132 0.5521915 0.0245712 0.5476174 0.8681078 0.2058021 0.0271968 0.0281287 4.8018663 4.7531341 0.5565246 1.3629532 1.0061869 1.0020941 1.0330259 1.0335350 0.7867911 0.0677529 1.0071844 0.5588859 0.5521367 0.0620962 3.4442080 0.8300297 0.6801827 0.5497989 0.0238423 1.0397719 0.0233332 0.0293535 0.0295131 0.0644703 0.9434906 0.2586124 0.5374222 0.5479191 0.8706062 0.8918396 
AF250284-Amsacta_moorei_entomopoxvirus          4.8676888 1.2362481 0.3450101 4.8625335 0.0000000 5.4396850 4.8891665 0.2517529 4.8428626 4.7959686 4.8712546 0.2559831 4.8154643 4.8950905 5.1363853 4.8540102 4.8934078 4.9145605 5.3826314 4.8584872 4.8747447 4.8548085 5.3853375 4.8873915 4.8830777 4.8856570 1.5714151 0.3867160 4.9812978 5.2446840 5.5179856 5.5275050 4.8764082 4.8627373 4.8588875 4.8720424 5.5013105 4.9698463 4.8579679 4.8836118 5.9430293 4.9975426 5.2292332 4.8022378 4.8866509 4.8909010 4.8792909 4.8904396 4.8758062 4.8790227 5.1452583 4.8580413 4.8034773 4.8330201 4.9116958 5.2792554 
AY386265-bovine_papular_stomatitis_virus        0.9895969 5.4143691 5.4470896 0.9910198 5.4396850 0.0000000 0.9939639 5.4343909 1.2851965 1.1258599 0.9867631 5.4473079 1.0326236 0.9910534 1.0865818 1.0293907 1.2623173 1.2742452 0.1714107 1.0623313 0.9909818 1.0576552 0.9627780 0.9969311 0.9913668 0.9939777 5.3280846 5.3813409 1.0056575 1.4583900 0.1673077 0.1613804 1.2686453 1.2586232 0.9616521 0.9893835 0.1657577 1.0227279 1.0639871 0.9924939 3.8067581 0.9975780 0.8169496 1.0528832 0.9917461 1.2990973 0.9844641 0.9942214 0.9943142 0.9931743 1.0882514 1.0307463 1.0535030 1.0447475 1.1082314 0.9982769 
AF438165-camelpox_virus                         0.0184142 4.8969668 4.8625885 0.0272022 4.8891665 0.9939639 0.0000000 4.8704272 1.0334653 0.6601497 0.0171512 4.8900203 0.5284140 0.0201905 0.9519726 0.5117529 1.0386561 1.0422013 0.9763949 0.5582764 0.0155840 0.5541548 0.8711745 0.2118214 0.0196200 0.0203715 4.8366538 4.8010113 0.5635094 1.3672604 1.0123903 1.0083976 1.0379091 1.0393382 0.7857171 0.0707089 1.0100384 0.5660129 0.5590332 0.0676942 3.4482415 0.8366697 0.6833126 0.5575708 0.0094040 1.0394869 0.0141440 0.0153206 0.0153206 0.0705528 0.9512498 0.2648714 0.5406431 0.5512587 0.8707802 0.8931681 
HF679132-Choristoneura_biennis_entomopoxvirus   4.8428764 1.2469212 0.3133852 4.8285466 0.2517529 5.4343909 4.8704272 0.0000000 4.8643798 4.7485551 4.8471243 0.0252049 4.7566866 4.8606197 5.1126728 4.8209964 4.9192186 4.9593931 5.3898858 4.8189139 4.8519124 4.8137849 5.3740828 4.8644891 4.8463654 4.8513239 1.5829214 0.3772294 4.9406911 5.2122028 5.5476040 5.5377510 4.9178562 4.9010291 4.8379068 4.8659152 5.4933409 4.9200553 4.8203106 4.8617235 5.9067926 4.9901631 5.2264065 4.7992272 4.8560016 4.9020681 4.8526874 4.8636277 4.8513816 4.8674714 5.1280959 4.8222948 4.8021224 4.7939129 4.9344700 5.3148048 
AY318871-canarypox_virus                        1.0292289 4.8257848 4.8431921 1.0323570 4.8428626 1.2851965 1.0334653 4.8643798 0.0000000 1.0739636 1.0319401 4.8718083 1.0077952 1.0333548 0.7390706 0.9910284 0.2494924 0.2529949 1.2796024 1.0209958 1.0317755 1.0212442 0.9224642 1.0253093 1.0343339 1.0392247 4.7534273 4.8257346 1.0119924 1.2657903 1.3110340 1.3124781 0.2502501 0.2492712 1.0771052 1.0378917 1.3301403 1.0264528 1.0252563 1.0329810 3.5711572 1.1023538 1.0491851 1.0137672 1.0334899 0.3155794 1.0295189 1.0331182 1.0326047 1.0315737 0.7376810 1.0496861 0.9950767 1.0059274 0.9124530 0.9503594 
HQ647181-Cotia_virus                            0.6542438 4.8459186 4.7083015 0.6516257 4.7959686 1.1258599 0.6601497 4.7485551 1.0739636 0.0000000 0.6542135 4.7771304 0.4294410 0.6570777 1.0340898 0.5529329 1.0657390 1.0711466 1.1189316 0.4612043 0.6530831 0.4579707 0.9930415 0.6406908 0.6559372 0.6578215 4.8348689 4.7108582 0.5012739 1.4556344 1.1468932 1.1482100 1.0655852 1.0689016 0.8467509 0.6497823 1.1643088 0.5000366 0.4583401 0.6483966 3.6234736 0.9101327 0.8407238 0.4604611 0.6548497 1.0562407 0.6523030 0.6578846 0.6566270 0.6476007 1.0346582 0.6509554 0.4987741 0.5125610 0.9510278 0.9944671 
AF482758-cowpox_virus                           0.0122149 4.8727685 4.8410034 0.0233118 4.8712546 0.9867631 0.0171512 4.8471243 1.0319401 0.6542135 0.0000000 4.8670309 0.5237860 0.0147130 0.9455710 0.5061766 1.0328561 1.0362461 0.9673272 0.5518288 0.0148743 0.5468088 0.8696396 0.2063556 0.0156904 0.0164297 4.8223353 4.7926880 0.5552446 1.3623520 1.0026391 0.9979063 1.0318830 1.0339956 0.7853781 0.0660181 1.0019637 0.5588239 0.5510264 0.0630153 3.4369329 0.8313568 0.6771218 0.5508283 0.0132169 1.0398108 0.0121190 0.0185073 0.0185007 0.0653270 0.9451230 0.2607221 0.5368631 0.5479457 0.8695996 0.8892346 
HF679133-Choristoneura_rosaceana_entomopoxvirus 4.8605300 1.2412493 0.3169304 4.8443624 0.2559831 5.4473079 4.8900203 0.0252049 4.8718083 4.7771304 4.8670309 0.0000000 4.7819097 4.8847032 5.1171130 4.8324548 4.9158997 4.9515513 5.3984904 4.8401550 4.8723148 4.8334391 5.3966671 4.8854137 4.8665911 4.8725651 1.5787374 0.3785385 4.9721654 5.2030900 5.5588379 5.5589422 4.9159607 4.9008328 4.8442326 4.8861288 5.5088461 4.9595475 4.8407928 4.8831050 5.9130678 5.0059421 5.2353034 4.8225354 4.8790960 4.8971286 4.8730900 4.8822833 4.8714702 4.8902987 5.1360639 4.8452215 4.8154205 4.8091443 4.9520447 5.3364567 
AY689436-mule_deerpox_virus                     0.5235915 4.8294620 4.6847137 0.5216894 4.8154643 1.0326236 0.5284140 4.7566866 1.0077952 0.4294410 0.5237860 4.7819097 0.0000000 0.5268109 0.9386647 0.4372234 1.0037547 1.0049686 1.0243933 0.3239688 0.5227897 0.3204521 0.8818642 0.5172484 0.5260126 0.5279144 4.7145064 4.7031843 0.3697921 1.3957220 1.0514030 1.0541895 1.0065159 1.0073620 0.7595321 0.5200693 1.0623066 0.3717606 0.3235277 0.5177886 3.5980407 0.8192759 0.7228482 0.3175003 0.5256397 1.0061537 0.5225095 0.5289738 0.5285527 0.5177561 0.9432502 0.5390938 0.3620460 0.3767663 0.8624129 0.9078422 
AF012825-ectromelia_virus                       0.0120380 4.8642937 4.8610958 0.0250445 4.8950905 0.9910534 0.0201905 4.8606197 1.0333548 0.6570777 0.0147130 4.8847032 0.5268109 0.0000000 0.9508873 0.5092935 1.0368424 1.0415026 0.9718107 0.5571046 0.0173526 0.5524498 0.8765282 0.2105412 0.0190306 0.0199314 4.8264898 4.8036107 0.5619101 1.3654621 1.0075523 1.0022446 1.0370234 1.0390178 0.7874437 0.0705132 1.0083568 0.5647737 0.5566210 0.0662681 3.4452853 0.8333701 0.6821140 0.5533715 0.0162924 1.0423735 0.0143995 0.0214753 0.0215566 0.0690586 0.9508498 0.2650240 0.5410905 0.5513729 0.8698627 0.8941152 
MF467281-Eastern_grey_kangaroopox_virus         0.9486190 5.1411875 5.0958741 0.9436932 5.1363853 1.0865818 0.9519726 5.1126728 0.7390706 1.0340898 0.9455710 5.1171130 0.9386647 0.9508873 0.0000000 0.9452103 0.7247570 0.7239377 1.1041722 0.9759053 0.9507240 0.9733072 0.5918300 0.9485230 0.9518335 0.9541530 5.0613788 5.0706918 0.9225120 1.1057805 1.0952174 1.0975644 0.7276790 0.7223979 0.9806647 0.9416292 1.1123177 0.9293178 0.9779083 0.9428474 3.6805634 1.0267603 0.8097757 0.9450022 0.9511205 0.7333285 0.9464624 0.9525039 0.9533538 0.9437230 0.0124181 0.9848540 0.9453239 0.9400253 0.7355054 0.6862716 
KY747497-eptesipox_virus                        0.5090619 4.8669525 4.7999686 0.5053734 4.8540102 1.0293907 0.5117529 4.8209964 0.9910284 0.5529329 0.5061766 4.8324548 0.4372234 0.5092935 0.9452103 0.0000000 0.9928785 0.9969150 1.0132658 0.4659310 0.5069537 0.4637499 0.8923791 0.5123084 0.5068382 0.5087867 4.8590317 4.7297807 0.4956194 1.3845535 1.0390453 1.0370501 0.9960910 0.9956058 0.7660570 0.5043990 1.0454605 0.4997376 0.4642593 0.5044229 3.5651451 0.8320989 0.7192040 0.4764660 0.5096700 1.0009355 0.5056983 0.5139960 0.5140100 0.5027048 0.9491355 0.5387489 0.4559485 0.4739435 0.8722995 0.8982780 
MF678796-flamingopox_virus                      1.0339521 4.8700480 4.8964150 1.0325055 4.8934078 1.2623173 1.0386561 4.9192186 0.2494924 1.0657390 1.0328561 4.9158997 1.0037547 1.0368424 0.7247570 0.9928785 0.0000000 0.0349238 1.2769617 1.0197425 1.0399390 1.0187953 0.9029057 1.0292628 1.0403380 1.0448648 4.8024127 4.8483949 1.0190955 1.2589209 1.2945839 1.2951650 0.0172551 0.0141095 1.0694873 1.0409830 1.3208327 1.0265498 1.0223221 1.0382309 3.5790971 1.0933105 1.0309462 1.0180570 1.0381593 0.2853406 1.0358587 1.0404038 1.0392140 1.0356704 0.7236969 1.0439130 0.9869865 0.9956525 0.8927243 0.9544550 
AF198100-fowlpox_virus                          1.0371822 4.8719923 4.9080319 1.0365998 4.9145605 1.2742452 1.0422013 4.9593931 0.2529949 1.0711466 1.0362461 4.9515513 1.0049686 1.0415026 0.7239377 0.9969150 0.0349238 0.0000000 1.2865282 1.0199204 1.0426015 1.0190750 0.9042086 1.0322029 1.0433685 1.0474321 4.8077677 4.8591235 1.0208556 1.2575006 1.3087861 1.3087276 0.0440297 0.0411692 1.0675215 1.0435670 1.3323453 1.0300038 1.0225060 1.0425646 3.5855112 1.0965765 1.0304544 1.0161171 1.0417027 0.2879692 1.0382820 1.0427947 1.0416017 1.0391412 0.7232069 1.0447634 0.9871441 0.9986211 0.8932921 0.9521255 
KY382358-seal_parapoxvirus                      0.9727539 5.4210258 5.3945965 0.9732132 5.3826314 0.1714107 0.9763949 5.3898858 1.2796024 1.1189316 0.9673272 5.3984904 1.0243933 0.9718107 1.1041722 1.0132658 1.2769617 1.2865282 0.0000000 1.0543748 0.9722491 1.0516682 0.9769035 0.9823510 0.9747312 0.9767282 5.3133508 5.3211424 1.0000336 1.4787071 0.1866884 0.1895414 1.2815251 1.2754863 0.9609140 0.9767292 0.2006412 1.0143261 1.0547625 0.9748326 3.8262034 0.9979018 0.8216791 1.0454558 0.9739879 1.3100721 0.9670628 0.9776446 0.9771358 0.9764643 1.1058486 1.0251381 1.0359564 1.0313536 1.1157273 1.0246305 
NC_004003-goatpox_virus                         0.5552727 4.8577567 4.7673495 0.5521915 4.8584872 1.0623313 0.5582764 4.8189139 1.0209958 0.4612043 0.5518288 4.8401550 0.3239688 0.5571046 0.9759053 0.4659310 1.0197425 1.0199204 1.0543748 0.0000000 0.5523916 0.0123215 0.9267937 0.5426266 0.5548995 0.5571339 4.8505286 4.7435676 0.3838553 1.4051133 1.0842103 1.0860144 1.0212308 1.0209970 0.7831459 0.5541218 1.0938259 0.3868824 0.0150156 0.5505431 3.5973106 0.8468215 0.7464857 0.3390349 0.5545560 1.0151776 0.5515169 0.5564412 0.5565406 0.5535476 0.9783294 0.5627471 0.3910381 0.4081593 0.8964222 0.9397217 
DQ792504-horsepox_virus                         0.0153564 4.8825223 4.8552950 0.0245712 4.8747447 0.9909818 0.0155840 4.8519124 1.0317755 0.6530831 0.0148743 4.8723148 0.5227897 0.0173526 0.9507240 0.5069537 1.0399390 1.0426015 0.9722491 0.5523916 0.0000000 0.5475654 0.8703104 0.2085058 0.0155874 0.0162473 4.8154354 4.7962470 0.5612323 1.3623022 1.0071207 1.0027341 1.0391402 1.0408835 0.7852026 0.0680054 1.0060441 0.5641518 0.5523683 0.0638632 3.4397602 0.8341980 0.6821086 0.5510406 0.0121291 1.0425159 0.0059337 0.0166742 0.0168261 0.0664863 0.9497570 0.2624142 0.5376076 0.5468375 0.8705426 0.8924255 
AF325528-lumpy_skin_disease_virus               0.5505812 4.8676796 4.7695597 0.5476174 4.8548085 1.0576552 0.5541548 4.8137849 1.0212442 0.4579707 0.5468088 4.8334391 0.3204521 0.5524498 0.9733072 0.4637499 1.0187953 1.0190750 1.0516682 0.0123215 0.5475654 0.0000000 0.9206809 0.5382121 0.5498895 0.5520597 4.8597897 4.7473262 0.3810056 1.4040418 1.0812780 1.0829513 1.0214095 1.0209702 0.7793318 0.5494069 1.0888028 0.3842114 0.0120804 0.5446251 3.5979268 0.8424803 0.7401725 0.3359244 0.5499242 1.0125488 0.5463675 0.5524807 0.5518180 0.5481491 0.9748113 0.5601982 0.3883515 0.4060364 0.8904505 0.9355502 
U60315-molluscum_contagiosum_virus              0.8695795 5.4501421 5.3113552 0.8681078 5.3853375 0.9627780 0.8711745 5.3740828 0.9224642 0.9930415 0.8696396 5.3966671 0.8818642 0.8765282 0.5918300 0.8923791 0.9029057 0.9042086 0.9769035 0.9267937 0.8703104 0.9206809 0.0000000 0.8828470 0.8735617 0.8755726 5.3647188 5.2986412 0.8702186 1.1228880 0.9695193 0.9637603 0.9111710 0.9056534 0.9214009 0.8662463 0.9686103 0.8799786 0.9279408 0.8669036 3.8103926 0.9421062 0.6615160 0.9045686 0.8731128 0.9201392 0.8682823 0.8728610 0.8734816 0.8683444 0.5915455 0.9237455 0.8853578 0.8880306 0.5653016 0.4840042 
MF001304-Murmansk_poxvirus                      0.2083205 4.8737087 4.8260748 0.2058021 4.8873915 0.9969311 0.2118214 4.8644891 1.0253093 0.6406908 0.2063556 4.8854137 0.5172484 0.2105412 0.9485230 0.5123084 1.0292628 1.0322029 0.9823510 0.5426266 0.2085058 0.5382121 0.8828470 0.0000000 0.2112729 0.2112258 4.7647249 4.7704139 0.5582400 1.3615253 1.0106031 1.0058841 1.0309945 1.0306805 0.7856638 0.2095802 1.0157152 0.5637547 0.5415764 0.2079873 3.5180709 0.8388522 0.6928858 0.5449269 0.2092636 1.0298892 0.2071292 0.2137085 0.2137497 0.2081292 0.9497872 0.1344571 0.5390502 0.5544333 0.8706734 0.9062649 
AY753185-monkeypox_virus__clade_IIa_            0.0167120 4.8729554 4.8502276 0.0271968 4.8830777 0.9913668 0.0196200 4.8463654 1.0343339 0.6559372 0.0156904 4.8665911 0.5260126 0.0190306 0.9518335 0.5068382 1.0403380 1.0433685 0.9747312 0.5548995 0.0155874 0.5498895 0.8735617 0.2112729 0.0000000 0.0037856 4.8291704 4.7840796 0.5613400 1.3608582 1.0092058 1.0043937 1.0387164 1.0412420 0.7885092 0.0712879 1.0091171 0.5633351 0.5547241 0.0671952 3.4497900 0.8318165 0.6845119 0.5530816 0.0159697 1.0423505 0.0132124 0.0210497 0.0210423 0.0697864 0.9516168 0.2645557 0.5376881 0.5481269 0.8726394 0.8942782 
AF380138-monkeypox_virus__clade_I_              0.0173672 4.8856112 4.8532596 0.0281287 4.8856570 0.9939777 0.0203715 4.8513239 1.0392247 0.6578215 0.0164297 4.8725651 0.5279144 0.0199314 0.9541530 0.5087867 1.0448648 1.0474321 0.9767282 0.5571339 0.0162473 0.5520597 0.8755726 0.2112258 0.0037856 0.0000000 4.8437327 4.7932066 0.5635824 1.3658231 1.0119196 1.0071512 1.0430233 1.0455724 0.7916147 0.0719284 1.0117766 0.5647857 0.5568992 0.0674842 3.4653116 0.8361800 0.6862640 0.5550294 0.0167082 1.0464818 0.0139406 0.0217477 0.0217402 0.0702650 0.9538576 0.2653709 0.5402400 0.5503553 0.8749424 0.8981802 
AF063866-Melanoplus_sanguinipes_entomopoxvirus  4.8161429 1.4483929 1.5872886 4.8018663 1.5714151 5.3280846 4.8366538 1.5829214 4.7534273 4.8348689 4.8223353 1.5787374 4.7145064 4.8264898 5.0613788 4.8590317 4.8024127 4.8077677 5.3133508 4.8505286 4.8154354 4.8597897 5.3647188 4.7647249 4.8291704 4.8437327 0.0000000 1.5839415 4.9458070 5.1401412 5.4302994 5.4469146 4.7969417 4.7858634 4.9193333 4.8297187 5.4704011 4.9437260 4.8579381 4.8115555 5.7849151 4.9326545 5.1799316 4.8836606 4.8262066 4.8468134 4.8131891 4.8360527 4.8296107 4.8218546 5.0687438 4.7673564 4.8241881 4.8139141 5.0106046 5.3206586 
HF679134-Mythimna_separata_entomopoxvirus       4.7836474 1.2600953 0.3961930 4.7531341 0.3867160 5.3813409 4.8010113 0.3772294 4.8257346 4.7108582 4.7926880 0.3785385 4.7031843 4.8036107 5.0706918 4.7297807 4.8483949 4.8591235 5.3211424 4.7435676 4.7962470 4.7473262 5.2986412 4.7704139 4.7840796 4.7932066 1.5839415 0.0000000 4.8894372 5.1202558 5.4364062 5.4228905 4.8463667 4.8366157 4.7864613 4.7868904 5.4491984 4.8946789 4.7567992 4.7927950 5.8890561 4.9543561 5.1219758 4.7251783 4.7989497 4.8447363 4.7918341 4.8015168 4.7911030 4.7908185 5.0802857 4.7687487 4.7601543 4.7412963 4.8578072 5.2104978 
AF170726-myxoma_virus                           0.5592399 4.9639449 4.9244763 0.5565246 4.9812978 1.0056575 0.5635094 4.9406911 1.0119924 0.5012739 0.5552446 4.9721654 0.3697921 0.5619101 0.9225120 0.4956194 1.0190955 1.0208556 1.0000336 0.3838553 0.5612323 0.3810056 0.8702186 0.5582400 0.5613400 0.5635824 4.9458070 4.8894372 0.0000000 1.3519720 1.0221885 1.0238746 1.0204945 1.0202352 0.7921780 0.5604862 1.0287136 0.0605098 0.3838190 0.5583291 3.5806389 0.8574010 0.7259255 0.3849946 0.5609694 1.0180286 0.5576696 0.5640855 0.5623374 0.5621808 0.9251965 0.5938708 0.4249724 0.4358846 0.8814623 0.8943347 
DQ356948-Nile_crocodilepox_virus                1.3590907 5.2726651 5.1918299 1.3629532 5.2446840 1.4583900 1.3672604 5.2122028 1.2657903 1.4556344 1.3623520 5.2030900 1.3957220 1.3654621 1.1057805 1.3845535 1.2589209 1.2575006 1.4787071 1.4051133 1.3623022 1.4040418 1.1228880 1.3615253 1.3608582 1.3658231 5.1401412 5.1202558 1.3519720 0.0000000 1.4541868 1.4572111 1.2611682 1.2565584 1.3866534 1.3675020 1.4653363 1.3666405 1.4063557 1.3627042 3.7283420 1.4453891 1.2460795 1.4098668 1.3656657 1.2668505 1.3580979 1.3673736 1.3662931 1.3673451 1.1075529 1.4009312 1.3926944 1.3945659 1.2616052 1.1940904 
AY386264-orf_virus                              1.0067366 5.4645439 5.4989934 1.0061869 5.5179856 0.1673077 1.0123903 5.5476040 1.3110340 1.1468932 1.0026391 5.5588379 1.0514030 1.0075523 1.0952174 1.0390453 1.2945839 1.3087861 0.1866884 1.0842103 1.0071207 1.0812780 0.9695193 1.0106031 1.0092058 1.0119196 5.4302994 5.4364062 1.0221885 1.4541868 0.0000000 0.0489582 1.3013407 1.2944770 0.9721069 1.0054807 0.1843389 1.0392628 1.0867743 1.0085752 3.8279202 1.0193981 0.8201693 1.0692942 1.0078656 1.3314872 1.0014241 1.0121519 1.0119668 1.0042442 1.0963638 1.0546892 1.0742082 1.0653205 1.1268893 1.0112068 
GQ329670-pseudocowpox_virus                     1.0021721 5.4693689 5.4870818 1.0020941 5.5275050 0.1613804 1.0083976 5.5377510 1.3124781 1.1482100 0.9979063 5.5589422 1.0541895 1.0022446 1.0975644 1.0370501 1.2951650 1.3087276 0.1895414 1.0860144 1.0027341 1.0829513 0.9637603 1.0058841 1.0043937 1.0071512 5.4469146 5.4228905 1.0238746 1.4572111 0.0489582 0.0000000 1.3014368 1.2947306 0.9669357 1.0019534 0.1833364 1.0382381 1.0888218 1.0014265 3.8467786 1.0153010 0.8161738 1.0756123 1.0036692 1.3332918 0.9959457 1.0073313 1.0069859 1.0023255 1.0987577 1.0468222 1.0732672 1.0669348 1.1209715 1.0059679 
KJ801920-pigeonpox_virus                        1.0332329 4.8485347 4.8901375 1.0330259 4.8764082 1.2686453 1.0379091 4.9178562 0.2502501 1.0655852 1.0318830 4.9159607 1.0065159 1.0370234 0.7276790 0.9960910 0.0172551 0.0440297 1.2815251 1.0212308 1.0391402 1.0214095 0.9111710 1.0309945 1.0387164 1.0430233 4.7969417 4.8463667 1.0204945 1.2611682 1.3013407 1.3014368 0.0000000 0.0169040 1.0701809 1.0411102 1.3286508 1.0268610 1.0244882 1.0382044 3.5793394 1.0913004 1.0354735 1.0198661 1.0364425 0.2891144 1.0347205 1.0387835 1.0375942 1.0344981 0.7278824 1.0444612 0.9867384 0.9963447 0.8912585 0.9579335 
KJ859677-penguinpox_virus                       1.0350824 4.8308976 4.8781020 1.0335350 4.8627373 1.2586232 1.0393382 4.9010291 0.2492712 1.0689016 1.0339956 4.9008328 1.0073620 1.0390178 0.7223979 0.9956058 0.0141095 0.0411692 1.2754863 1.0209970 1.0408835 1.0209702 0.9056534 1.0306805 1.0412420 1.0455724 4.7858634 4.8366157 1.0202352 1.2565584 1.2944770 1.2947306 0.0169040 0.0000000 1.0667617 1.0428867 1.3182329 1.0265929 1.0239342 1.0384993 3.5777031 1.0926144 1.0330608 1.0214187 1.0386378 0.2870780 1.0367350 1.0409342 1.0398692 1.0363118 0.7210641 1.0467032 0.9860036 0.9977967 0.8919255 0.9534108 
KU980965-pteropox_virus                         0.7862345 4.9708957 4.8387778 0.7867911 4.8588875 0.9616521 0.7857171 4.8379068 1.0771052 0.8467509 0.7853781 4.8442326 0.7595321 0.7874437 0.9806647 0.7660570 1.0694873 1.0675215 0.9609140 0.7831459 0.7852026 0.7793318 0.9214009 0.7856638 0.7885092 0.7916147 4.9193333 4.7864613 0.7921780 1.3866534 0.9721069 0.9669357 1.0701809 1.0667617 0.0000000 0.7887573 0.9915514 0.7966548 0.7867747 0.7837277 3.6638935 0.4842844 0.7762302 0.7954390 0.7860906 1.0810680 0.7819191 0.7895185 0.7878906 0.7861240 0.9811745 0.8049850 0.7794082 0.7812734 0.9226074 0.9469638 
KP143769-raccoonpox_virus                       0.0688853 4.8869091 4.8365193 0.0677529 4.8720424 0.9893835 0.0707089 4.8659152 1.0378917 0.6497823 0.0660181 4.8861288 0.5200693 0.0705132 0.9416292 0.5043990 1.0409830 1.0435670 0.9767292 0.5541218 0.0680054 0.5494069 0.8662463 0.2095802 0.0712879 0.0719284 4.8297187 4.7868904 0.5604862 1.3675020 1.0054807 1.0019534 1.0411102 1.0428867 0.7887573 0.0000000 1.0072456 0.5626995 0.5535081 0.0398248 3.4646302 0.8334253 0.6779468 0.5473994 0.0680529 1.0411918 0.0674567 0.0725358 0.0728002 0.0429411 0.9408591 0.2558648 0.5460098 0.5542459 0.8667586 0.8887334 
KM502564-parapoxvirus_red_deer                  1.0059384 5.4667956 5.4570681 1.0071844 5.5013105 0.1657577 1.0100384 5.4933409 1.3301403 1.1643088 1.0019637 5.5088461 1.0623066 1.0083568 1.1123177 1.0454605 1.3208327 1.3323453 0.2006412 1.0938259 1.0060441 1.0888028 0.9686103 1.0157152 1.0091171 1.0117766 5.4704011 5.4491984 1.0287136 1.4653363 0.1843389 0.1833364 1.3286508 1.3182329 0.9915514 1.0072456 0.0000000 1.0427178 1.0960245 1.0085255 3.8623098 1.0183689 0.8247654 1.0870493 1.0080797 1.3482286 1.0003523 1.0118702 1.0096041 1.0106005 1.1146155 1.0615060 1.0858906 1.0795022 1.1341102 1.0184404 
AF170722-rabbit_fibroma_virus                   0.5618035 4.9564767 4.9142216 0.5588859 4.9698463 1.0227279 0.5660129 4.9200553 1.0264528 0.5000366 0.5588239 4.9595475 0.3717606 0.5647737 0.9293178 0.4997376 1.0265498 1.0300038 1.0143261 0.3868824 0.5641518 0.3842114 0.8799786 0.5637547 0.5633351 0.5647857 4.9437260 4.8946789 0.0605098 1.3666405 1.0392628 1.0382381 1.0268610 1.0265929 0.7966548 0.5626995 1.0427178 0.0000000 0.3867025 0.5601320 3.6200909 0.8538057 0.7328927 0.3916930 0.5642999 1.0210489 0.5612612 0.5666197 0.5651420 0.5632621 0.9333398 0.5986366 0.4238533 0.4386394 0.8863381 0.9051063 
NC_004002-sheeppox_virus                        0.5551433 4.8487967 4.7626792 0.5521367 4.8579679 1.0639871 0.5590332 4.8203106 1.0252563 0.4583401 0.5510264 4.8407928 0.3235277 0.5566210 0.9779083 0.4642593 1.0223221 1.0225060 1.0547625 0.0150156 0.5523683 0.0120804 0.9279408 0.5415764 0.5547241 0.5568992 4.8579381 4.7567992 0.3838190 1.4063557 1.0867743 1.0888218 1.0244882 1.0239342 0.7867747 0.5535081 1.0960245 0.3867025 0.0000000 0.5489707 3.6019830 0.8473729 0.7459172 0.3385875 0.5549670 1.0146209 0.5515952 0.5565586 0.5562404 0.5520930 0.9795690 0.5640571 0.3905803 0.4082949 0.8918353 0.9415241 
KU749310-skunkpox_virus                         0.0641852 4.8791768 4.8378997 0.0620962 4.8836118 0.9924939 0.0676942 4.8617235 1.0329810 0.6483966 0.0630153 4.8831050 0.5177886 0.0662681 0.9428474 0.5044229 1.0382309 1.0425646 0.9748326 0.5505431 0.0638632 0.5446251 0.8669036 0.2079873 0.0671952 0.0674842 4.8115555 4.7927950 0.5583291 1.3627042 1.0085752 1.0014265 1.0382044 1.0384993 0.7837277 0.0398248 1.0085255 0.5601320 0.5489707 0.0000000 3.4676999 0.8282850 0.6814491 0.5416559 0.0640741 1.0381131 0.0634118 0.0691066 0.0691627 0.0265667 0.9424762 0.2559086 0.5384438 0.5500569 0.8682743 0.8920346 
KT159937-salmon_gill_poxvirus                   3.4438941 5.8581527 5.9996838 3.4442080 5.9430293 3.8067581 3.4482415 5.9067926 3.5711572 3.6234736 3.4369329 5.9130678 3.5980407 3.4452853 3.6805634 3.5651451 3.5790971 3.5855112 3.8262034 3.5973106 3.4397602 3.5979268 3.8103926 3.5180709 3.4497900 3.4653116 5.7849151 5.8890561 3.5806389 3.7283420 3.8279202 3.8467786 3.5793394 3.5777031 3.6638935 3.4646302 3.8623098 3.6200909 3.6019830 3.4676999 0.0000000 3.7074217 3.6557922 3.6110950 3.4524876 3.6759866 3.4393198 3.4559218 3.4514151 3.4686470 3.6872587 3.5240996 3.6064436 3.6376851 3.6680570 3.7907692 
MH427217-sea_otter_poxvirus                     0.8328328 5.0188978 4.9892746 0.8300297 4.9975426 0.9975780 0.8366697 4.9901631 1.1023538 0.9101327 0.8313568 5.0059421 0.8192759 0.8333701 1.0267603 0.8320989 1.0933105 1.0965765 0.9979018 0.8468215 0.8341980 0.8424803 0.9421062 0.8388522 0.8318165 0.8361800 4.9326545 4.9543561 0.8574010 1.4453891 1.0193981 1.0153010 1.0913004 1.0926144 0.4842844 0.8334253 1.0183689 0.8538057 0.8473729 0.8282850 3.7074217 0.0000000 0.7977957 0.8407613 0.8340690 1.0994814 0.8332369 0.8364506 0.8356775 0.8296651 1.0283015 0.8667471 0.8474581 0.8428118 0.9534129 0.9590946 
HE601899-squirrelpox_virus                      0.6797866 5.2760205 5.1487613 0.6801827 5.2292332 0.8169496 0.6833126 5.2264065 1.0491851 0.8407238 0.6771218 5.2353034 0.7228482 0.6821140 0.8097757 0.7192040 1.0309462 1.0304544 0.8216791 0.7464857 0.6821086 0.7401725 0.6615160 0.6928858 0.6845119 0.6862640 5.1799316 5.1219758 0.7259255 1.2460795 0.8201693 0.8161738 1.0354735 1.0330608 0.7762302 0.6779468 0.8247654 0.7328927 0.7459172 0.6814491 3.6557922 0.7977957 0.0000000 0.7510046 0.6802737 1.0493949 0.6778473 0.6846799 0.6845663 0.6841478 0.8117707 0.7448167 0.7324920 0.7305966 0.8097386 0.7346251 
AF410153-swinepox_virus                         0.5523032 4.8966034 4.7524181 0.5497989 4.8022378 1.0528832 0.5575708 4.7992272 1.0137672 0.4604611 0.5508283 4.8225354 0.3175003 0.5533715 0.9450022 0.4764660 1.0180570 1.0161171 1.0454558 0.3390349 0.5510406 0.3359244 0.9045686 0.5449269 0.5530816 0.5550294 4.8836606 4.7251783 0.3849946 1.4098668 1.0692942 1.0756123 1.0198661 1.0214187 0.7954390 0.5473994 1.0870493 0.3916930 0.3385875 0.5416559 3.6110950 0.8407613 0.7510046 0.0000000 0.5537062 1.0105729 0.5508262 0.5567427 0.5562832 0.5444317 0.9480930 0.5559457 0.4007507 0.4236403 0.8690192 0.9234010 
DQ437594-taterapox_virus                        0.0147022 4.8855971 4.8614770 0.0238423 4.8866509 0.9917461 0.0094040 4.8560016 1.0334899 0.6548497 0.0132169 4.8790960 0.5256397 0.0162924 0.9511205 0.5096700 1.0381593 1.0417027 0.9739879 0.5545560 0.0121291 0.5499242 0.8731128 0.2092636 0.0159697 0.0167082 4.8262066 4.7989497 0.5609694 1.3656657 1.0078656 1.0036692 1.0364425 1.0386378 0.7860906 0.0680529 1.0080797 0.5642999 0.5549670 0.0640741 3.4524876 0.8340690 0.6802737 0.5537062 0.0000000 1.0414701 0.0105522 0.0120310 0.0119535 0.0669449 0.9509755 0.2642094 0.5383074 0.5485207 0.8702963 0.8926040 
KP728110-turkeypox_virus                        1.0383010 4.8315213 4.8949824 1.0397719 4.8909010 1.2990973 1.0394869 4.9020681 0.3155794 1.0562407 1.0398108 4.8971286 1.0061537 1.0423735 0.7333285 1.0009355 0.2853406 0.2879692 1.3100721 1.0151776 1.0425159 1.0125488 0.9201392 1.0298892 1.0423505 1.0464818 4.8468134 4.8447363 1.0180286 1.2668505 1.3314872 1.3332918 0.2891144 0.2870780 1.0810680 1.0411918 1.3482286 1.0210489 1.0146209 1.0381131 3.6759866 1.0994814 1.0493949 1.0105729 1.0414701 0.0000000 1.0378475 1.0389134 1.0381315 1.0391558 0.7343166 1.0437807 1.0033567 1.0089777 0.8925386 0.9518819 
AY243312-vaccinia_virus                         0.0128263 4.8696882 4.8527706 0.0233332 4.8792909 0.9844641 0.0141440 4.8526874 1.0295189 0.6523030 0.0121190 4.8730900 0.5225095 0.0143995 0.9464624 0.5056983 1.0358587 1.0382820 0.9670628 0.5515169 0.0059337 0.5463675 0.8682823 0.2071292 0.0132124 0.0139406 4.8131891 4.7918341 0.5576696 1.3580979 1.0014241 0.9959457 1.0347205 1.0367350 0.7819191 0.0674567 1.0003523 0.5612612 0.5515952 0.0634118 3.4393198 0.8332369 0.6778473 0.5508262 0.0105522 1.0378475 0.0000000 0.0156175 0.0156966 0.0659950 0.9455991 0.2614010 0.5349930 0.5455477 0.8668236 0.8884438 
X69198-variola_major_virus                      0.0200112 4.8819399 4.8569834 0.0293535 4.8904396 0.9942214 0.0153206 4.8636277 1.0331182 0.6578846 0.0185073 4.8822833 0.5289738 0.0214753 0.9525039 0.5139960 1.0404038 1.0427947 0.9776446 0.5564412 0.0166742 0.5524807 0.8728610 0.2137085 0.0210497 0.0217477 4.8360527 4.8015168 0.5640855 1.3673736 1.0121519 1.0073313 1.0387835 1.0409342 0.7895185 0.0725358 1.0118702 0.5666197 0.5565586 0.0691066 3.4559218 0.8364506 0.6846799 0.5567427 0.0120310 1.0389134 0.0156175 0.0000000 0.0030287 0.0717512 0.9526072 0.2679232 0.5406013 0.5506486 0.8722531 0.8935359 
Y16780-variola_minor_virus                      0.0198460 4.8763641 4.8413332 0.0295131 4.8758062 0.9943142 0.0153206 4.8513816 1.0326047 0.6566270 0.0185007 4.8714702 0.5285527 0.0215566 0.9533538 0.5140100 1.0392140 1.0416017 0.9771358 0.5565406 0.0168261 0.5518180 0.8734816 0.2137497 0.0210423 0.0217402 4.8296107 4.7911030 0.5623374 1.3662931 1.0119668 1.0069859 1.0375942 1.0398692 0.7878906 0.0728002 1.0096041 0.5651420 0.5562404 0.0691627 3.4514151 0.8356775 0.6845663 0.5562832 0.0119535 1.0381315 0.0156966 0.0030287 0.0000000 0.0717180 0.9535886 0.2676594 0.5399622 0.5505379 0.8705952 0.8925976 
KU749311-volepox_virus                          0.0672860 4.8539519 4.8491252 0.0644703 4.8790227 0.9931743 0.0705528 4.8674714 1.0315737 0.6476007 0.0653270 4.8902987 0.5177561 0.0690586 0.9437230 0.5027048 1.0356704 1.0391412 0.9764643 0.5535476 0.0664863 0.5481491 0.8683444 0.2081292 0.0697864 0.0702650 4.8218546 4.7908185 0.5621808 1.3673451 1.0042442 1.0023255 1.0344981 1.0363118 0.7861240 0.0429411 1.0106005 0.5632621 0.5520930 0.0265667 3.4686470 0.8296651 0.6841478 0.5444317 0.0669449 1.0391558 0.0659950 0.0717512 0.0717180 0.0000000 0.9441289 0.2563374 0.5394891 0.5495333 0.8651817 0.8909658 
MF467280-Western_grey_kangaroopox_virus         0.9483713 5.1387320 5.1085396 0.9434906 5.1452583 1.0882514 0.9512498 5.1280959 0.7376810 1.0346582 0.9451230 5.1360639 0.9432502 0.9508498 0.0124181 0.9491355 0.7236969 0.7232069 1.1058486 0.9783294 0.9497570 0.9748113 0.5915455 0.9497872 0.9516168 0.9538576 5.0687438 5.0802857 0.9251965 1.1075529 1.0963638 1.0987577 0.7278824 0.7210641 0.9811745 0.9408591 1.1146155 0.9333398 0.9795690 0.9424762 3.6872587 1.0283015 0.8117707 0.9480930 0.9509755 0.7343166 0.9455991 0.9526072 0.9535886 0.9441289 0.0000000 0.9859057 0.9470058 0.9431859 0.7396283 0.6852637 
HQ849551-yokapox_virus                          0.2640723 4.8443037 4.8376947 0.2586124 4.8580413 1.0307463 0.2648714 4.8222948 1.0496861 0.6509554 0.2607221 4.8452215 0.5390938 0.2650240 0.9848540 0.5387489 1.0439130 1.0447634 1.0251381 0.5627471 0.2624142 0.5601982 0.9237455 0.1344571 0.2645557 0.2653709 4.7673564 4.7687487 0.5938708 1.4009312 1.0546892 1.0468222 1.0444612 1.0467032 0.8049850 0.2558648 1.0615060 0.5986366 0.5640571 0.2559086 3.5240996 0.8667471 0.7448167 0.5559457 0.2642094 1.0437807 0.2614010 0.2679232 0.2676594 0.2563374 0.9859057 0.0000000 0.5543929 0.5757864 0.8932139 0.9429196 
AJ293568-tanapox_virus                          0.5390090 4.8758940 4.7652735 0.5374222 4.8034773 1.0535030 0.5406431 4.8021224 0.9950767 0.4987741 0.5368631 4.8154205 0.3620460 0.5410905 0.9453239 0.4559485 0.9869865 0.9871441 1.0359564 0.3910381 0.5376076 0.3883515 0.8853578 0.5390502 0.5376881 0.5402400 4.8241881 4.7601543 0.4249724 1.3926944 1.0742082 1.0732672 0.9867384 0.9860036 0.7794082 0.5460098 1.0858906 0.4238533 0.3905803 0.5384438 3.6064436 0.8474581 0.7324920 0.4007507 0.5383074 1.0033567 0.5349930 0.5406013 0.5399622 0.5394891 0.9470058 0.5543929 0.0000000 0.1130256 0.8710382 0.9146929 
AY386371-Yaba_monkey_tumor_virus                0.5498957 4.8806155 4.7505329 0.5479191 4.8330201 1.0447475 0.5512587 4.7939129 1.0059274 0.5125610 0.5479457 4.8091443 0.3767663 0.5513729 0.9400253 0.4739435 0.9956525 0.9986211 1.0313536 0.4081593 0.5468375 0.4060364 0.8880306 0.5544333 0.5481269 0.5503553 4.8139141 4.7412963 0.4358846 1.3945659 1.0653205 1.0669348 0.9963447 0.9977967 0.7812734 0.5542459 1.0795022 0.4386394 0.4082949 0.5500569 3.6376851 0.8428118 0.7305966 0.4236403 0.5485207 1.0089777 0.5455477 0.5506486 0.5505379 0.5495333 0.9431859 0.5757864 0.1130256 0.0000000 0.8786143 0.9207107 
MNB22-madamurpox_virus                          0.8705309 4.9781057 4.9049898 0.8706062 4.9116958 1.1082314 0.8707802 4.9344700 0.9124530 0.9510278 0.8695996 4.9520447 0.8624129 0.8698627 0.7355054 0.8722995 0.8927243 0.8932921 1.1157273 0.8964222 0.8705426 0.8904505 0.5653016 0.8706734 0.8726394 0.8749424 5.0106046 4.8578072 0.8814623 1.2616052 1.1268893 1.1209715 0.8912585 0.8919255 0.9226074 0.8667586 1.1341102 0.8863381 0.8918353 0.8682743 3.6680570 0.9534129 0.8097386 0.8690192 0.8702963 0.8925386 0.8668236 0.8722531 0.8705952 0.8651817 0.7396283 0.8932139 0.8710382 0.8786143 0.0000000 0.6623469 
PP711852-rousettus_bat_poxvirus                 0.8912797 5.3319561 5.2574295 0.8918396 5.2792554 0.9982769 0.8931681 5.3148048 0.9503594 0.9944671 0.8892346 5.3364567 0.9078422 0.8941152 0.6862716 0.8982780 0.9544550 0.9521255 1.0246305 0.9397217 0.8924255 0.9355502 0.4840042 0.9062649 0.8942782 0.8981802 5.3206586 5.2104978 0.8943347 1.1940904 1.0112068 1.0059679 0.9579335 0.9534108 0.9469638 0.8887334 1.0184404 0.9051063 0.9415241 0.8920346 3.7907692 0.9590946 0.7346251 0.9234010 0.8926040 0.9518819 0.8884438 0.8935359 0.8925976 0.8909658 0.6852637 0.9429196 0.9146929 0.9207107 0.6623469 0.0000000 
