56
MH816996-Orthopoxvirus_Abatino                               0.0000000 4.8534138 4.8259432 0.0245566 4.8607004 0.9886359 0.0184129 4.8359670 1.0282355 0.6537102 0.0122143 4.8536092 0.5231974 0.0120375 0.9477226 0.5086784 1.0329521 1.0361798 0.9718162 0.5548456 0.0153555 0.5501599 0.8687771 0.2082186 0.0167109 0.0173660 4.8093029 4.7768124 0.5588055 1.3576306 1.0057535 1.0011972 1.0322359 1.0340821 0.7855381 0.0688706 1.0049577 0.5613665 0.5547161 0.0641718 3.4392149 0.8320843 0.6792128 0.5518770 0.0147014 1.0372996 0.0128256 0.0200097 0.0198445 0.0672717 0.9474748 0.2639240 0.5385986 0.5494735 0.8697375 0.8904524 
AP013055-Anomala_cuprea_entomopoxvirus                       4.8534138 0.0000000 1.2371346 4.8376369 1.2350280 5.4061058 4.8900066 1.2456868 4.8190698 4.8392544 4.8658363 1.2400233 4.8227313 4.8573905 5.1336317 4.8601289 4.8632599 4.8652192 5.4127858 4.8509857 4.8755886 4.8608843 5.4417602 4.8668366 4.8660380 4.8786658 1.4468887 1.2588472 4.9568613 5.2647919 5.4561644 5.4609531 4.8417961 4.8241869 4.9638839 4.8799412 5.4583706 4.9494342 4.8420388 4.8722388 5.8498402 5.0117686 5.2679620 4.8897336 4.8786477 4.8248367 4.8627735 4.8750174 4.8694536 4.8470649 5.1311956 4.8375445 4.8690763 4.8737583 4.9709102 5.3239245 
HF679131-Adoxophyes_honmai_entomopoxvirus__L_                4.8259432 1.2371346 0.0000000 4.8125274 0.3447924 5.4387227 4.8556190 0.3131954 4.8364591 4.7018402 4.8340667 0.3167373 4.6781717 4.8541337 5.0883720 4.7931998 4.8895803 4.9011822 5.3863555 4.7607422 4.8483475 4.7629533 5.3032452 4.8192324 4.8432881 4.8463095 1.5855768 0.3959282 4.9173768 5.1840893 5.4905007 5.4786135 4.8833216 4.8713041 4.8319143 4.8296254 5.4486508 4.9071818 4.7560787 4.8310075 5.9910401 4.9821622 5.1409862 4.7458235 4.8545167 4.8881674 4.8458170 4.8500536 4.8344265 4.8422040 5.1010156 4.8308937 4.7586356 4.7438724 4.8979554 5.2495083 
MH607141-Akhmeta_virus                                       0.0245566 4.8376369 4.8125274 0.0000000 4.8555407 0.9900576 0.0271995 4.8216597 1.0313609 0.6510950 0.0233098 4.8374672 0.5212975 0.0250422 0.9428044 0.5049938 1.0315097 1.0356001 0.9722756 0.5517665 0.0245689 0.5471979 0.8673073 0.2057024 0.0271942 0.0281259 4.7950424 4.7463574 0.5560929 1.3614898 1.0052050 1.0011196 1.0320309 1.0325389 0.7860942 0.0677386 1.0062023 0.5584516 0.5517116 0.0620836 3.4395348 0.8292849 0.6796077 0.5493752 0.0238402 1.0387690 0.0233312 0.0293504 0.0295100 0.0644570 0.9426017 0.2584693 0.5370132 0.5474983 0.8698125 0.8910125 
AF250284-Amsacta_moorei_entomopoxvirus                       4.8607004 1.2350280 0.3447924 4.8555407 0.0000000 5.4312864 4.8821351 0.2516131 4.8361285 4.7893578 4.8642408 0.2558398 4.8086922 4.8880462 5.1287771 4.8471739 4.8865507 4.9076727 5.3744016 4.8516869 4.8677322 4.8480228 5.3770879 4.8804183 4.8760506 4.8786220 1.5697206 0.3864614 4.9740811 5.2368500 5.5094148 5.5189069 4.8695957 4.8559469 4.8519629 4.8650353 5.4927117 4.9626612 4.8511817 4.8765917 5.9344806 4.9903503 5.2212480 4.7955334 4.8796233 4.8840959 4.8722658 4.8834223 4.8688074 4.8720180 5.1376323 4.8511985 4.7967743 4.8262149 4.9046492 5.2712741 
AY386265-Bovine_papular_stomatitis_virus                     0.9886359 5.4061058 5.4387227 0.9900576 5.4312864 0.0000000 0.9929968 5.4260714 1.2838252 1.1247195 0.9858060 5.4389837 1.0316077 0.9900901 1.0854973 1.0283765 1.2609835 1.2728931 0.1713360 1.0612792 0.9900194 1.0566097 0.9618575 0.9959617 0.9904033 0.9930114 5.3199648 5.3731170 1.0046753 1.4567852 0.1672361 0.1613125 1.2673017 1.2572935 0.9607267 0.9884217 0.1656860 1.0217224 1.0629320 0.9915288 3.8013797 0.9966055 0.8162142 1.0518332 0.9907819 1.2977139 0.9835102 0.9932538 0.9933471 0.9922098 1.0871646 1.0297341 1.0524597 1.0437164 1.1071111 0.9973097 
AF438165-Camelpox_virus_M-96                                 0.0184129 4.8900066 4.8556190 0.0271995 4.8821351 0.9929968 0.0000000 4.8634678 1.0324662 0.6596092 0.0171502 4.8830438 0.5280150 0.0201890 0.9510710 0.5113664 1.0376511 1.0411933 0.9754520 0.5578456 0.0155831 0.5537292 0.8703700 0.2117170 0.0196187 0.0203700 4.8297946 4.7941501 0.5630702 1.3657908 1.0113992 1.0074143 1.0369069 1.0383334 0.7850197 0.0706934 1.0090519 0.5655706 0.5586013 0.0676796 3.4435513 0.8359163 0.6827345 0.5571385 0.0094037 1.0384848 0.0141432 0.0153197 0.0153197 0.0705373 0.9503487 0.2647229 0.5402300 0.5508343 0.8699857 0.8923385 
HF679132-Choristoneura_biennis_entomopoxvirus                4.8359670 1.2456868 0.3131954 4.8216597 0.2516131 5.4260714 4.8634678 0.0000000 4.8576585 4.7420453 4.8402003 0.0252025 4.7500379 4.8536849 5.1051037 4.8141980 4.9123375 4.9524444 5.3816686 4.8122179 4.8449900 4.8071125 5.3658813 4.8575867 4.8394484 4.8443980 1.5812114 0.3769814 4.9335549 5.2044374 5.5389992 5.5291701 4.9109893 4.8941801 4.8310465 4.8589767 5.4848514 4.9129901 4.8136280 4.8548009 5.8983080 4.9830553 5.2184797 4.7925505 4.8490748 4.8952776 4.8457572 4.8566994 4.8444748 4.8605279 5.1204968 4.8155662 4.7954331 4.7871759 4.9273593 5.3067748 
AY318871-Canarypox_virus                                     1.0282355 4.8190698 4.8364591 1.0313609 4.8361285 1.2838252 1.0324662 4.8576585 0.0000000 1.0729249 1.0309432 4.8650985 1.0068463 1.0323561 0.7384338 0.9900916 0.2493577 0.2528568 1.2782440 1.0200317 1.0307793 1.0202794 0.9215992 1.0243266 1.0333342 1.0382185 4.7467553 4.8190000 1.0110255 1.2644694 1.3096253 1.3110695 0.2501147 0.2491369 1.0760519 1.0368863 1.3287048 1.0254677 1.0242866 1.0319827 3.5663470 1.1012709 1.0481525 1.0128085 1.0324905 0.3153894 1.0285247 1.0321191 1.0316061 1.0305775 0.7370457 1.0486781 0.9941413 1.0049751 0.9116101 0.9494604 
HQ647181-Cotia_virus_SPAn232                                 0.6537102 4.8392544 4.7018402 0.6510950 4.7893578 1.1247195 0.6596092 4.7420453 1.0729249 0.0000000 0.6536796 4.7705904 0.4291425 0.6565407 1.0330918 0.5525098 1.0647109 1.0701146 1.1178030 0.4608758 0.6525501 0.4576458 0.9920865 0.6401761 0.6554008 0.6572831 4.8281259 4.7043831 0.5009045 1.4540435 1.1457238 1.1470410 1.0645582 1.0678705 0.8459924 0.6492526 1.1631177 0.4996675 0.4580148 0.6478678 3.6186116 0.9092960 0.8399617 0.4601336 0.6543151 1.0552285 0.6517710 0.6573473 0.6560913 0.6470740 1.0336587 0.6504301 0.4984095 0.5121827 0.9501427 0.9935160 
AF482758-Cowpox_virus                                        0.0122143 4.8658363 4.8340667 0.0233098 4.8642408 0.9858060 0.0171502 4.8402003 1.0309432 0.6536796 0.0000000 4.8600917 0.5233920 0.0147122 0.9446783 0.5057963 1.0318582 1.0352452 0.9663973 0.5514052 0.0148734 0.5463914 0.8688377 0.2062552 0.0156895 0.0164287 4.8154896 4.7858317 0.5548144 1.3608884 1.0016616 0.9969375 1.0308882 1.0329972 0.7846825 0.0660046 1.0009888 0.5583896 0.5506035 0.0630025 3.4322638 0.8306103 0.6765514 0.5504040 0.0132163 1.0388077 0.0121184 0.0185060 0.0184995 0.0653136 0.9442308 0.2605768 0.5364544 0.5475249 0.8688074 0.8884103 
HF679133-Choristoneura_rosaceana_entomopoxvirus__L_          4.8536092 1.2400233 0.3167373 4.8374672 0.2558398 5.4389837 4.8830438 0.0252025 4.8650985 4.7705904 4.8600917 0.0000000 4.7752325 4.8777438 5.1095577 4.8256666 4.9090383 4.9446276 5.3902591 4.8334452 4.8653767 4.8267561 5.3884419 4.8784872 4.8596610 4.8656216 1.5770370 0.3782897 4.9649930 5.1953465 5.5502264 5.5503391 4.9091097 4.8939957 4.8373820 4.8791763 5.5003447 4.9524265 4.8340948 4.8761707 5.9045759 4.9988197 5.2273827 4.8158495 4.8721450 4.8903604 4.8661441 4.8753415 4.8645438 4.8833378 5.1284700 4.8384778 4.8087295 4.8024056 4.9449204 5.3284139 
AY689436-Deerpox_virus_W-848-83                              0.5231974 4.8227313 4.6781717 0.5212975 4.8086922 1.0316077 0.5280150 4.7500379 1.0068463 0.4291425 0.5233920 4.7752325 0.0000000 0.5264132 0.9377894 0.4369174 1.0028081 1.0040241 1.0233888 0.3237684 0.5223970 0.3202548 0.8810523 0.5168639 0.5256164 0.5275163 4.7078935 4.6965966 0.3695524 1.3942137 1.0503592 1.0531438 1.0055681 1.0064117 0.7588788 0.5196788 1.0612501 0.3715175 0.3233278 0.5174008 3.5931443 0.8185511 0.7222288 0.3173071 0.5252438 1.0052088 0.5221171 0.5285749 0.5281540 0.5173682 0.9423691 0.5386878 0.3618112 0.3765169 0.8616377 0.9069989 
AF012825-Ectromelia_virus                                    0.0120375 4.8573905 4.8541337 0.0250422 4.8880462 0.9900901 0.0201890 4.8536849 1.0323561 0.6565407 0.0147122 4.8777438 0.5264132 0.0000000 0.9499867 0.5089093 1.0358392 1.0404946 0.9708746 0.5566750 0.0173514 0.5520260 0.8757167 0.2104376 0.0190292 0.0199298 4.8196361 4.7967387 0.5614725 1.3639928 1.0065684 1.0012699 1.0360216 1.0380128 0.7867449 0.0704978 1.0073736 0.5643324 0.5561916 0.0662539 3.4405976 0.8326200 0.6815373 0.5529435 0.0162914 1.0413668 0.0143987 0.0214735 0.0215548 0.0690435 0.9499490 0.2648747 0.5406775 0.5509486 0.8690700 0.8932837 
MF467281-Eastern_grey_kangaroopox_virus                      0.9477226 5.1336317 5.0883720 0.9428044 5.1287771 1.0854973 0.9510710 5.1051037 0.7384338 1.0330918 0.9446783 5.1095577 0.9377894 0.9499867 0.0000000 0.9443172 0.7241366 0.7233196 1.1030661 0.9749836 0.9498242 0.9723891 0.5913682 0.9476269 0.9509319 0.9532487 5.0539518 5.0632056 0.9216514 1.1046781 1.0941210 1.0964633 0.7270562 0.7217818 0.9797245 0.9407417 1.1111962 0.9284496 0.9769842 0.9419588 3.6754885 1.0257595 0.8090543 0.9441168 0.9502200 0.7326990 0.9455678 0.9516015 0.9524511 0.9428343 0.0124176 0.9839134 0.9444371 0.9391429 0.7348736 0.6856987 
KY747497-Eptesipox_virus                                     0.5086784 4.8601289 4.7931998 0.5049938 4.8471739 1.0283765 0.5113664 4.8141980 0.9900916 0.5525098 0.5057963 4.8256666 0.4369174 0.5089093 0.9443172 0.0000000 0.9919379 0.9959712 1.0122757 0.4655968 0.5065726 0.4634182 0.8915453 0.5119251 0.5064570 0.5084034 4.8521652 4.7231375 0.4952523 1.3830583 1.0380189 1.0360276 0.9951466 0.9946627 0.7653886 0.5040195 1.0444260 0.4993662 0.4639267 0.5040433 3.5602622 0.8313545 0.7185831 0.4761191 0.5092855 0.9999880 0.5053185 0.5136073 0.5136212 0.5023287 0.9482370 0.5383373 0.4556233 0.4735989 0.8715064 0.8974381 
MF678796-Flamingopox_virus_FGPVKD09                          1.0329521 4.8632599 4.8895803 1.0315097 4.8865507 1.2609835 1.0376511 4.9123375 0.2493577 1.0647109 1.0318582 4.9090383 1.0028081 1.0358392 0.7241366 0.9919379 0.0000000 0.0349198 1.2756087 1.0187820 1.0389322 1.0178356 0.9020660 1.0282739 1.0393305 1.0438513 4.7956901 4.8416443 1.0181193 1.2576099 1.2932020 1.2937836 0.0172540 0.0141087 1.0684412 1.0399741 1.3194145 1.0255663 1.0213584 1.0372253 3.5742462 1.0922380 1.0299359 1.0170928 1.0371549 0.2851764 1.0348570 1.0393955 1.0382077 1.0346683 0.7230776 1.0429118 0.9860595 0.9947124 0.8919065 0.9535505 
AF198100-Fowlpox_virus                                       1.0361798 4.8652192 4.9011822 1.0356001 4.9076727 1.2728931 1.0411933 4.9524444 0.2528568 1.0701146 1.0352452 4.9446276 1.0040241 1.0404946 0.7233196 0.9959712 0.0349198 0.0000000 1.2851593 1.0189624 1.0415929 1.0181177 0.9033680 1.0312111 1.0423588 1.0464173 4.8010404 4.8523732 1.0198788 1.2561925 1.3073827 1.3073262 0.0440233 0.0411635 1.0664792 1.0425576 1.3309089 1.0290170 1.0215447 1.0415556 3.5806794 1.0955007 1.0294467 1.0151589 1.0406951 0.2878025 1.0372788 1.0417851 1.0405940 1.0381366 0.7225894 1.0437617 0.9862196 0.9976798 0.8924743 0.9512258 
KY382358-Seal_parapoxvirus                                   0.9718162 5.4127858 5.3863555 0.9722756 5.3744016 0.1713360 0.9754520 5.3816686 1.2782440 1.1178030 0.9663973 5.3902591 1.0233888 0.9708746 1.1030661 1.0122757 1.2756087 1.2851593 0.0000000 1.0533355 0.9713123 1.0506322 0.9759610 0.9814015 0.9737911 0.9757860 5.3053246 5.3130518 0.9990580 1.4770710 0.1866024 0.1894543 1.2801654 1.2741351 0.9599884 0.9757863 0.2005451 1.0133310 1.0537215 0.9738928 3.8208249 0.9969299 0.8209348 1.0444174 0.9730485 1.3086737 0.9661326 0.9767001 0.9761927 0.9755238 1.1047404 1.0241358 1.0349377 1.0303426 1.1145972 1.0236264 
NC_004003.1-Goatpox_virus_Pellor                             0.5548456 4.8509857 4.7607422 0.5517665 4.8516869 1.0612792 0.5578456 4.8122179 1.0200317 0.4608758 0.5514052 4.8334452 0.3237684 0.5566750 0.9749836 0.4655968 1.0187820 1.0189624 1.0533355 0.0000000 0.5519674 0.0123209 0.9259295 0.5422141 0.5544728 0.5567050 4.8436894 4.7369918 0.3836026 1.4035971 1.0831270 1.0849308 1.0202695 1.0200349 0.7824650 0.5536963 1.0927316 0.3866266 0.0150147 0.5501214 3.5924435 0.8460636 0.7458368 0.3388209 0.5541291 1.0142278 0.5510934 0.5560132 0.5561124 0.5531226 0.9774056 0.5623134 0.3907787 0.4078824 0.8956069 0.9388402 
DQ792504-Horsepox_virus                                      0.0153555 4.8755886 4.8483475 0.0245689 4.8677322 0.9900194 0.0155831 4.8449900 1.0307793 0.6525501 0.0148734 4.8653767 0.5223970 0.0173514 0.9498242 0.5065726 1.0389322 1.0415929 0.9713123 0.5519674 0.0000000 0.5471470 0.8695072 0.2084038 0.0155865 0.0162463 4.8086148 4.7893877 0.5607952 1.3608400 1.0061377 1.0017588 1.0381365 1.0398767 0.7845069 0.0679909 1.0050639 0.5637117 0.5519436 0.0638498 3.4350867 0.8334471 0.6815329 0.5506160 0.0121285 1.0415094 0.0059336 0.0166731 0.0168250 0.0664722 0.9488582 0.2622676 0.5371986 0.5464181 0.8697485 0.8915973 
AF325528-Lumpy_skin_disease_virus_NI-2490                    0.5501599 4.8608843 4.7629533 0.5471979 4.8480228 1.0566097 0.5537292 4.8071125 1.0202794 0.4576458 0.5463914 4.8267561 0.3202548 0.5520260 0.9723891 0.4634182 1.0178356 1.0181177 1.0506322 0.0123209 0.5471470 0.0000000 0.9198251 0.5378048 0.5494685 0.5516367 4.8529265 4.7407425 0.3807561 1.4025265 1.0801987 1.0818722 1.0204477 1.0200077 0.7786562 0.5489875 1.0877152 0.3839586 0.0120798 0.5442109 3.5930666 0.8417282 0.7395321 0.3357140 0.5495031 1.0116017 0.5459501 0.5520576 0.5513954 0.5477309 0.9738925 0.5597675 0.3880949 0.4057616 0.8896436 0.9346747 
U60315-Molluscum_contagiosum_virus_subtype_1                 0.8687771 5.4417602 5.3032452 0.8673073 5.3770879 0.9618575 0.8703700 5.3658813 0.9215992 0.9920865 0.8688377 5.3884419 0.8810523 0.8757167 0.5913682 0.8915453 0.9020660 0.9033680 0.9759610 0.9259295 0.8695072 0.9198251 0.0000000 0.8820271 0.8727544 0.8747629 5.3565477 5.2905851 0.8694165 1.1217630 0.9685875 0.9628361 0.9103208 0.9048109 0.9205287 0.8654475 0.9676822 0.8791650 0.9270757 0.8661046 3.8050132 0.9412093 0.6609679 0.9037277 0.8723055 0.9192781 0.8674814 0.8720529 0.8726732 0.8675439 0.5910837 0.9228771 0.8845395 0.8872098 0.5648574 0.4836497 
MF001304-Murmansk_poxvirus                                   0.2082186 4.8668366 4.8192324 0.2057024 4.8804183 0.9959617 0.2117170 4.8575867 1.0243266 0.6401761 0.2062552 4.8784872 0.5168639 0.2104376 0.9476269 0.5119251 1.0282739 1.0312111 0.9814015 0.5422141 0.2084038 0.5378048 0.8820271 0.0000000 0.2111690 0.2111215 4.7580487 4.7636514 0.5578113 1.3600667 1.0096151 1.0049046 1.0300054 1.0296899 0.7849676 0.2094777 1.0147219 0.5633185 0.5411651 0.2078855 3.5132991 0.8380977 0.6923000 0.5445113 0.2091610 1.0289031 0.2070285 0.2136023 0.2136436 0.2080273 0.9488892 0.1344073 0.5386420 0.5540091 0.8698815 0.9054185 
AY753185-monkeypox_virus_clade_IIa_strain_cOP-58             0.0167109 4.8660380 4.8432881 0.0271942 4.8760506 0.9904033 0.0196187 4.8394484 1.0333342 0.6554008 0.0156895 4.8596610 0.5256164 0.0190292 0.9509319 0.5064570 1.0393305 1.0423588 0.9737911 0.5544728 0.0155865 0.5494685 0.8727544 0.2111690 0.0000000 0.0037856 4.8223118 4.7772374 0.5609032 1.3593964 1.0082186 1.0034150 1.0377132 1.0402348 0.7878087 0.0712723 1.0081323 0.5628959 0.5542969 0.0671807 3.4451022 0.8310688 0.6839329 0.5526545 0.0159688 1.0413438 0.0132117 0.0210481 0.0210407 0.0697712 0.9507151 0.2644074 0.5372791 0.5477068 0.8718424 0.8934477 
AF380138-Monkeypox_virus_clade_I_strain_Zaire-96-I-16        0.0173660 4.8786658 4.8463095 0.0281259 4.8786220 0.9930114 0.0203700 4.8443980 1.0382185 0.6572831 0.0164287 4.8656216 0.5275163 0.0199298 0.9532487 0.5084034 1.0438513 1.0464173 0.9757860 0.5567050 0.0162463 0.5516367 0.8747629 0.2111215 0.0037856 0.0000000 4.8368445 4.7863432 0.5631434 1.3643557 1.0109290 1.0061691 1.0420143 1.0445593 0.7909112 0.0719122 1.0107884 0.5643453 0.5564699 0.0674694 3.4605946 0.8354270 0.6856830 0.5546004 0.0167071 1.0454698 0.0139398 0.0217459 0.0217383 0.0702494 0.9529533 0.2652216 0.5398281 0.5499326 0.8741425 0.8973452 
AF063866-Melanoplus_sanguinipes_entomopoxvirus__O_           4.8093029 1.4468887 1.5855768 4.7950424 1.5697206 5.3199648 4.8297946 1.5812114 4.7467553 4.8281259 4.8154896 1.5770370 4.7078935 4.8196361 5.0539518 4.8521652 4.7956901 4.8010404 5.3053246 4.8436894 4.8086148 4.8529265 5.3565477 4.7580487 4.8223118 4.8368445 0.0000000 1.5822316 4.9386164 5.1324326 5.4219381 5.4385193 4.7902330 4.7791642 4.9123001 4.8228758 5.4619646 4.9365814 4.8511048 4.8047545 5.7766863 4.9256027 5.1720510 4.8767876 4.8193634 4.8400417 4.8063666 4.8291941 4.8227725 4.8150430 5.0613110 4.7606783 4.8174370 4.8071262 5.0033620 5.3126693 
HF679134-Mythimna_separata_entomopoxvirus__L_                4.7768124 1.2588472 0.3959282 4.7463574 0.3864614 5.3731170 4.7941501 0.3769814 4.8190000 4.7043831 4.7858317 0.3782897 4.6965966 4.7967387 5.0632056 4.7231375 4.8416443 4.8523732 5.3130518 4.7369918 4.7893877 4.7407425 5.2905851 4.7636514 4.7772374 4.7863432 1.5822316 0.0000000 4.8823787 5.1126397 5.4280023 5.4145184 4.8396194 4.8298774 4.7796916 4.7800561 5.4407876 4.8876298 4.7502010 4.7859593 5.8806147 4.9472908 5.1142961 4.7185884 4.7920939 4.8379683 4.7849826 4.7946677 4.7842704 4.7839812 5.0727734 4.7620731 4.7535362 4.7346562 4.8508265 5.2026484 
AF170726-Myxoma_virus_strain_Lausanne                        0.5588055 4.9568613 4.9173768 0.5560929 4.9740811 1.0046753 0.5630702 4.9335549 1.0110255 0.5009045 0.5548144 4.9649930 0.3695524 0.5614725 0.9216514 0.4952523 1.0181193 1.0198788 0.9990580 0.3836026 0.5607952 0.3807561 0.8694165 0.5578113 0.5609032 0.5631434 4.9386164 4.8823787 0.0000000 1.3505218 1.0211825 1.0228678 1.0195176 1.0192583 0.7914795 0.5600508 1.0276979 0.0604979 0.3835663 0.5578954 3.5757726 0.8566236 0.7253015 0.3847413 0.5605324 1.0170558 0.5572363 0.5636457 0.5618995 0.5617434 0.9243325 0.5934035 0.4246785 0.4355805 0.8806569 0.8935068 
DQ356948-Nile_crocodilepox_virus                             1.3576306 5.2647919 5.1840893 1.3614898 5.2368500 1.4567852 1.3657908 5.2044374 1.2644694 1.4540435 1.3608884 5.1953465 1.3942137 1.3639928 1.1046781 1.3830583 1.2576099 1.2561925 1.4770710 1.4035971 1.3608400 1.4025265 1.1217630 1.3600667 1.3593964 1.3643557 5.1324326 5.1126397 1.3505218 0.0000000 1.4525834 1.4556029 1.2598550 1.2552524 1.3851457 1.3660313 1.4637146 1.3651734 1.4048361 1.3612402 3.7232079 1.4437946 1.2447764 1.4083348 1.3641974 1.2655256 1.3566405 1.3659031 1.3648253 1.3658738 1.1064475 1.3994176 1.3911958 1.3930710 1.2602795 1.1928607 
AY386264-Orf_virus_strain_OV-SA00                            1.0057535 5.4561644 5.4905007 1.0052050 5.5094148 0.1672361 1.0113992 5.5389992 1.3096253 1.1457238 1.0016616 5.5502264 1.0503592 1.0065684 1.0941210 1.0380189 1.2932020 1.3073827 0.1866024 1.0831270 1.0061377 1.0801987 0.9685875 1.0096151 1.0082186 1.0109290 5.4219381 5.4280023 1.0211825 1.4525834 0.0000000 0.0489501 1.2999483 1.2930944 0.9711653 1.0044992 0.1842529 1.0382314 1.0856866 1.0075894 3.8224751 1.0183949 0.8194292 1.0682234 1.0068806 1.3300548 1.0004481 1.0111605 1.0109763 1.0032650 1.0952656 1.0536422 1.0731339 1.0642606 1.1257389 1.0102188 
GQ329670-Pseudocowpox_virus                                  1.0011972 5.4609531 5.4786135 1.0011196 5.5189069 0.1613125 1.0074143 5.5291701 1.3110695 1.1470410 0.9969375 5.5503391 1.0531438 1.0012699 1.0964633 1.0360276 1.2937836 1.3073262 0.1894543 1.0849308 1.0017588 1.0818722 0.9628361 1.0049046 1.0034150 1.0061691 5.4385193 5.4145184 1.0228678 1.4556029 0.0489501 0.0000000 1.3000463 1.2933492 0.9660028 1.0009796 0.1832520 1.0372095 1.0877336 1.0004529 3.8413266 1.0143034 0.8154394 1.0745344 1.0026923 1.3318570 0.9949791 1.0063487 1.0060043 1.0013516 1.0976550 1.0457894 1.0721966 1.0658743 1.1198312 1.0049876 
KJ801920-Pigeonpox_virus                                     1.0322359 4.8417961 4.8833216 1.0320309 4.8695957 1.2673017 1.0369069 4.9109893 0.2501147 1.0645582 1.0308882 4.9091097 1.0055681 1.0360216 0.7270562 0.9951466 0.0172540 0.0440233 1.2801654 1.0202695 1.0381365 1.0204477 0.9103208 1.0300054 1.0377132 1.0420143 4.7902330 4.8396194 1.0195176 1.2598550 1.2999483 1.3000463 0.0000000 0.0169029 1.0691343 1.0401030 1.3272197 1.0258779 1.0235231 1.0372012 3.5745160 1.0902315 1.0344589 1.0188999 1.0354423 0.2889460 1.0337221 1.0377794 1.0365921 1.0334999 0.7272591 1.0434617 0.9858139 0.9954058 0.8904442 0.9570251 
KJ859677-Penguinpox_virus                                    1.0340821 4.8241869 4.8713041 1.0325389 4.8559469 1.2572935 1.0383334 4.8941801 0.2491369 1.0678705 1.0329972 4.8939957 1.0064117 1.0380128 0.7217818 0.9946627 0.0141087 0.0411635 1.2741351 1.0200349 1.0398767 1.0200077 0.9048109 1.0296899 1.0402348 1.0445593 4.7791642 4.8298774 1.0192583 1.2552524 1.2930944 1.2933492 0.0169029 0.0000000 1.0657205 1.0418764 1.3168174 1.0256098 1.0229683 1.0374948 3.5728572 1.0915432 1.0320488 1.0204511 1.0376341 0.2869121 1.0357334 1.0399267 1.0388635 1.0353103 0.7204493 1.0456987 0.9850785 0.9968537 0.8911094 0.9525086 
KU980965-Pteropox_virus                                      0.7855381 4.9638839 4.8319143 0.7860942 4.8519629 0.9607267 0.7850197 4.8310465 1.0760519 0.8459924 0.7846825 4.8373820 0.7588788 0.7867449 0.9797245 0.7653886 1.0684412 1.0664792 0.9599884 0.7824650 0.7845069 0.7786562 0.9205287 0.7849676 0.7878087 0.7909112 4.9123001 4.7796916 0.7914795 1.3851457 0.9711653 0.9660028 1.0691343 1.0657205 0.0000000 0.7880567 0.9905851 0.7959495 0.7860895 0.7830332 3.6588462 0.4839260 0.7755383 0.7947409 0.7853929 1.0800053 0.7812268 0.7888167 0.7871908 0.7854260 0.9802339 0.8042710 0.7787269 0.7805900 0.9217458 0.9460613 
KP143769-Raccoonpox_virus                                    0.0688706 4.8799412 4.8296254 0.0677386 4.8650353 0.9884217 0.0706934 4.8589767 1.0368863 0.6492526 0.0660046 4.8791763 0.5196788 0.0704978 0.9407417 0.5040195 1.0399741 1.0425576 0.9757863 0.5536963 0.0679909 0.5489875 0.8654475 0.2094777 0.0712723 0.0719122 4.8228758 4.7800561 0.5600508 1.3660313 1.0044992 1.0009796 1.0401030 1.0418764 0.7880567 0.0000000 1.0062620 0.5622609 0.5530830 0.0398193 3.4598961 0.8326739 0.6773748 0.5469786 0.0680384 1.0401866 0.0674426 0.0725194 0.0727837 0.0429350 0.9399725 0.2557241 0.5455907 0.5538180 0.8659682 0.8879099 
KM502564-Parapoxvirus_red_deer/HL953                         1.0049577 5.4583706 5.4486508 1.0062023 5.4927117 0.1656860 1.0090519 5.4848514 1.3287048 1.1631177 1.0009888 5.5003447 1.0612501 1.0073736 1.1111962 1.0444260 1.3194145 1.3309089 0.2005451 1.0927316 1.0050639 1.0877152 0.9676822 1.0147219 1.0081323 1.0107884 5.4619646 5.4407876 1.0276979 1.4637146 0.1842529 0.1832520 1.3272197 1.3168174 0.9905851 1.0062620 0.0000000 1.0416819 1.0949266 1.0075407 3.8567520 1.0173681 0.8240196 1.0859543 1.0070961 1.3467765 0.9993793 1.0108812 1.0086186 1.0096139 1.1134910 1.0604523 1.0848029 1.0784234 1.1329531 1.0174442 
AF170722-Rabbit_fibroma_virus                                0.5613665 4.9494342 4.9071818 0.5584516 4.9626612 1.0217224 0.5655706 4.9129901 1.0254677 0.4996675 0.5583896 4.9524265 0.3715175 0.5643324 0.9284496 0.4993662 1.0255663 1.0290170 1.0133310 0.3866266 0.5637117 0.3839586 0.8791650 0.5633185 0.5628959 0.5643453 4.9365814 4.8876298 0.0604979 1.3651734 1.0382314 1.0372095 1.0258779 1.0256098 0.7959495 0.5622609 1.0416819 0.0000000 0.3864467 0.5596960 3.6151628 0.8530312 0.7322601 0.3914315 0.5638591 1.0200732 0.5608242 0.5661773 0.5647012 0.5628231 0.9324657 0.5981625 0.4235605 0.4383323 0.8855255 0.9042651 
NC_004002.1-Sheeppox_virus                                   0.5547161 4.8420388 4.7560787 0.5517116 4.8511817 1.0629320 0.5586013 4.8136280 1.0242866 0.4580148 0.5506035 4.8340948 0.3233278 0.5561916 0.9769842 0.4639267 1.0213584 1.0215447 1.0537215 0.0150147 0.5519436 0.0120798 0.9270757 0.5411651 0.5542969 0.5564699 4.8511048 4.7502010 0.3835663 1.4048361 1.0856866 1.0877336 1.0235231 1.0229683 0.7860895 0.5530830 1.0949266 0.3864467 0.0000000 0.5485504 3.5971094 0.8466142 0.7452687 0.3383744 0.5545394 1.0136711 0.5511712 0.5561300 0.5558119 0.5516692 0.9786439 0.5636219 0.3903215 0.4080186 0.8910259 0.9406409 
KU749310-Skunkpox_virus                                      0.0641718 4.8722388 4.8310075 0.0620836 4.8765917 0.9915288 0.0676796 4.8548009 1.0319827 0.6478678 0.0630025 4.8761707 0.5174008 0.0662539 0.9419588 0.5040433 1.0372253 1.0415556 0.9738928 0.5501214 0.0638498 0.5442109 0.8661046 0.2078855 0.0671807 0.0674694 4.8047545 4.7859593 0.5578954 1.3612402 1.0075894 1.0004529 1.0372012 1.0374948 0.7830332 0.0398193 1.0075407 0.5596960 0.5485504 0.0000000 3.4629715 0.8275395 0.6808733 0.5412419 0.0640607 1.0371126 0.0633988 0.0690912 0.0691473 0.0265642 0.9415881 0.2557671 0.5380326 0.5496345 0.8674825 0.8912075 
KT159937-Salmon_gill_poxvirus                                3.4392149 5.8498402 5.9910401 3.4395348 5.9344806 3.8013797 3.4435513 5.8983080 3.5663470 3.6186116 3.4322638 5.9045759 3.5931443 3.4405976 3.6754885 3.5602622 3.5742462 3.5806794 3.8208249 3.5924435 3.4350867 3.5930666 3.8050132 3.5132991 3.4451022 3.4605946 5.7766863 5.8806147 3.5757726 3.7232079 3.8224751 3.8413266 3.5745160 3.5728572 3.6588462 3.4598961 3.8567520 3.6151628 3.5971094 3.4629715 0.0000000 3.7023174 3.6506622 3.6061964 3.4477940 3.6710375 3.4346466 3.4512309 3.4467305 3.4639063 3.6821679 3.5193270 3.6015275 3.6326783 3.6629998 3.7854673 
MH427217-Sea_otter_poxvirus                                  0.8320843 5.0117686 4.9821622 0.8292849 4.9903503 0.9966055 0.8359163 4.9830553 1.1012709 0.9092960 0.8306103 4.9988197 0.8185511 0.8326200 1.0257595 0.8313545 1.0922380 1.0955007 0.9969299 0.8460636 0.8334471 0.8417282 0.9412093 0.8380977 0.8310688 0.8354270 4.9256027 4.9472908 0.8566236 1.4437946 1.0183949 1.0143034 1.0902315 1.0915432 0.4839260 0.8326739 1.0173681 0.8530312 0.8466142 0.8275395 3.7023174 0.0000000 0.7970809 0.8400085 0.8333179 1.0984029 0.8324868 0.8356961 0.8349244 0.8289192 1.0272994 0.8659606 0.8467003 0.8420593 0.9525109 0.9581746 
HE601899-Squirrelpox_virus                                   0.6792128 5.2679620 5.1409862 0.6796077 5.2212480 0.8162142 0.6827345 5.2184797 1.0481525 0.8399617 0.6765514 5.2273827 0.7222288 0.6815373 0.8090543 0.7185831 1.0299359 1.0294467 0.8209348 0.7458368 0.6815329 0.7395321 0.6609679 0.6923000 0.6839329 0.6856830 5.1720510 5.1142961 0.7253015 1.2447764 0.8194292 0.8154394 1.0344589 1.0320488 0.7755383 0.6773748 0.8240196 0.7322601 0.7452687 0.6808733 3.6506622 0.7970809 0.0000000 0.7503489 0.6796991 1.0483640 0.6772757 0.6840996 0.6839863 0.6835690 0.8110462 0.7441699 0.7318556 0.7299638 0.8090121 0.7339955 
AF410153-Swinepox_virus                                      0.5518770 4.8897336 4.7458235 0.5493752 4.7955334 1.0518332 0.5571385 4.7925505 1.0128085 0.4601336 0.5504040 4.8158495 0.3173071 0.5529435 0.9441168 0.4761191 1.0170928 1.0151589 1.0444174 0.3388209 0.5506160 0.3357140 0.9037277 0.5445113 0.5526545 0.5546004 4.8767876 4.7185884 0.3847413 1.4083348 1.0682234 1.0745344 1.0188999 1.0204511 0.7947409 0.5469786 1.0859543 0.3914315 0.3383744 0.5412419 3.6061964 0.8400085 0.7503489 0.0000000 0.5532782 1.0096220 0.5504017 0.5563122 0.5558530 0.5440152 0.9472037 0.5555188 0.4004813 0.4233492 0.8682326 0.9225388 
DQ437594-Taterapox_virus                                     0.0147014 4.8786477 4.8545167 0.0238402 4.8796233 0.9907819 0.0094037 4.8490748 1.0324905 0.6543151 0.0132163 4.8721450 0.5252438 0.0162914 0.9502200 0.5092855 1.0371549 1.0406951 0.9730485 0.5541291 0.0121285 0.5495031 0.8723055 0.2091610 0.0159688 0.0167071 4.8193634 4.7920939 0.5605324 1.3641974 1.0068806 1.0026923 1.0354423 1.0376341 0.7853929 0.0680384 1.0070961 0.5638591 0.5545394 0.0640607 3.4477940 0.8333179 0.6796991 0.5532782 0.0000000 1.0404648 0.0105519 0.0120305 0.0119530 0.0669307 0.9500749 0.2640612 0.5378965 0.5480992 0.8695021 0.8917747 
KP728110-Turkeypox_virus                                     1.0372996 4.8248367 4.8881674 1.0387690 4.8840959 1.2977139 1.0384848 4.8952776 0.3153894 1.0552285 1.0388077 4.8903604 1.0052088 1.0413668 0.7326990 0.9999880 0.2851764 0.2878025 1.3086737 1.0142278 1.0415094 1.0116017 0.9192781 1.0289031 1.0413438 1.0454698 4.8400417 4.8379683 1.0170558 1.2655256 1.3300548 1.3318570 0.2889460 0.2869121 1.0800053 1.0401866 1.3467765 1.0200732 1.0136711 1.0371126 3.6710375 1.0984029 1.0483640 1.0096220 1.0404648 0.0000000 1.0368467 1.0379110 1.0371304 1.0381537 0.7336863 1.0427801 1.0024154 1.0080267 0.8917186 0.9509832 
AY243312-Vaccinia_virus_WR                                   0.0128256 4.8627735 4.8458170 0.0233312 4.8722658 0.9835102 0.0141432 4.8457572 1.0285247 0.6517710 0.0121184 4.8661441 0.5221171 0.0143987 0.9455678 0.5053185 1.0348570 1.0372788 0.9661326 0.5510934 0.0059336 0.5459501 0.8674814 0.2070285 0.0132117 0.0139398 4.8063666 4.7849826 0.5572363 1.3566405 1.0004481 0.9949791 1.0337221 1.0357334 0.7812268 0.0674426 0.9993793 0.5608242 0.5511712 0.0633988 3.4346466 0.8324868 0.6772757 0.5504017 0.0105519 1.0368467 0.0000000 0.0156166 0.0156957 0.0659812 0.9447055 0.2612555 0.5345868 0.5451297 0.8660337 0.8876208 
X69198-Variola_virus_major                                   0.0200097 4.8750174 4.8500536 0.0293504 4.8834223 0.9932538 0.0153197 4.8566994 1.0321191 0.6573473 0.0185060 4.8753415 0.5285749 0.0214735 0.9516015 0.5136073 1.0393955 1.0417851 0.9767001 0.5560132 0.0166731 0.5520576 0.8720529 0.2136023 0.0210481 0.0217459 4.8291941 4.7946677 0.5636457 1.3659031 1.0111605 1.0063487 1.0377794 1.0399267 0.7888167 0.0725194 1.0108812 0.5661773 0.5561300 0.0690912 3.4512309 0.8356961 0.6840996 0.5563122 0.0120305 1.0379110 0.0156166 0.0000000 0.0030286 0.0717351 0.9517042 0.2677719 0.5401883 0.5502251 0.8714561 0.8927054 
Y16780-Variola_minor_virus                                   0.0198445 4.8694536 4.8344265 0.0295100 4.8688074 0.9933471 0.0153197 4.8444748 1.0316061 0.6560913 0.0184995 4.8645438 0.5281540 0.0215548 0.9524511 0.5136212 1.0382077 1.0405940 0.9761927 0.5561124 0.0168250 0.5513954 0.8726732 0.2136436 0.0210407 0.0217383 4.8227725 4.7842704 0.5618995 1.3648253 1.0109763 1.0060043 1.0365921 1.0388635 0.7871908 0.0727837 1.0086186 0.5647012 0.5558119 0.0691473 3.4467305 0.8349244 0.6839863 0.5558530 0.0119530 1.0371304 0.0156957 0.0030286 0.0000000 0.0717020 0.9526853 0.2675085 0.5395500 0.5501146 0.8698002 0.8917684 
KU749311-Volepox_virus                                       0.0672717 4.8470649 4.8422040 0.0644570 4.8720180 0.9922098 0.0705373 4.8605279 1.0305775 0.6470740 0.0653136 4.8833378 0.5173682 0.0690435 0.9428343 0.5023287 1.0346683 1.0381366 0.9755238 0.5531226 0.0664722 0.5477309 0.8675439 0.2080273 0.0697712 0.0702494 4.8150430 4.7839812 0.5617434 1.3658738 1.0032650 1.0013516 1.0334999 1.0353103 0.7854260 0.0429350 1.0096139 0.5628231 0.5516692 0.0265642 3.4639063 0.8289192 0.6835690 0.5440152 0.0669307 1.0381537 0.0659812 0.0717351 0.0717020 0.0000000 0.9432397 0.2561958 0.5390776 0.5491114 0.8643948 0.8901400 
MF467280-Western_grey_kangaroopox_virus                      0.9474748 5.1311956 5.1010156 0.9426017 5.1376323 1.0871646 0.9503487 5.1204968 0.7370457 1.0336587 0.9442308 5.1284700 0.9423691 0.9499490 0.0124176 0.9482370 0.7230776 0.7225894 1.1047404 0.9774056 0.9488582 0.9738925 0.5910837 0.9488892 0.9507151 0.9529533 5.0613110 5.0727734 0.9243325 1.1064475 1.0952656 1.0976550 0.7272591 0.7204493 0.9802339 0.9399725 1.1134910 0.9324657 0.9786439 0.9415881 3.6821679 1.0272994 0.8110462 0.9472037 0.9500749 0.7336863 0.9447055 0.9517042 0.9526853 0.9432397 0.0000000 0.9849640 0.9461174 0.9422996 0.7389919 0.6846920 
HQ849551-Yokapox_virus                                       0.2639240 4.8375445 4.8308937 0.2584693 4.8511985 1.0297341 0.2647229 4.8155662 1.0486781 0.6504301 0.2605768 4.8384778 0.5386878 0.2648747 0.9839134 0.5383373 1.0429118 1.0437617 1.0241358 0.5623134 0.2622676 0.5597675 0.9228771 0.1344073 0.2644074 0.2652216 4.7606783 4.7620731 0.5934035 1.3994176 1.0536422 1.0457894 1.0434617 1.0456987 0.8042710 0.2557241 1.0604523 0.5981625 0.5636219 0.2557671 3.5193270 0.8659606 0.7441699 0.5555188 0.2640612 1.0427801 0.2612555 0.2677719 0.2675085 0.2561958 0.9849640 0.0000000 0.5539693 0.5753409 0.8923990 0.9420288 
AJ293568-Yaba-like_disease_virus                             0.5385986 4.8690763 4.7586356 0.5370132 4.7967743 1.0524597 0.5402300 4.7954331 0.9941413 0.4984095 0.5364544 4.8087295 0.3618112 0.5406775 0.9444371 0.4556233 0.9860595 0.9862196 1.0349377 0.3907787 0.5371986 0.3880949 0.8845395 0.5386420 0.5372791 0.5398281 4.8174370 4.7535362 0.4246785 1.3911958 1.0731339 1.0721966 0.9858139 0.9850785 0.7787269 0.5455907 1.0848029 0.4235605 0.3903215 0.5380326 3.6015275 0.8467003 0.7318556 0.4004813 0.5378965 1.0024154 0.5345868 0.5401883 0.5395500 0.5390776 0.9461174 0.5539693 0.0000000 0.1129883 0.8702500 0.9138415 
AY386371-Yaba_monkey_tumor_virus                             0.5494735 4.8737583 4.7438724 0.5474983 4.8262149 1.0437164 0.5508343 4.7871759 1.0049751 0.5121827 0.5475249 4.8024056 0.3765169 0.5509486 0.9391429 0.4735989 0.9947124 0.9976798 1.0303426 0.4078824 0.5464181 0.4057616 0.8872098 0.5540091 0.5477068 0.5499326 4.8071262 4.7346562 0.4355805 1.3930710 1.0642606 1.0658743 0.9954058 0.9968537 0.7805900 0.5538180 1.0784234 0.4383323 0.4080186 0.5496345 3.6326783 0.8420593 0.7299638 0.4233492 0.5480992 1.0080267 0.5451297 0.5502251 0.5501146 0.5491114 0.9422996 0.5753409 0.1129883 0.0000000 0.8778173 0.9198510 
MNB22-MNB22                                                  0.8697375 4.9709102 4.8979554 0.8698125 4.9046492 1.1071111 0.8699857 4.9273593 0.9116101 0.9501427 0.8688074 4.9449204 0.8616377 0.8690700 0.7348736 0.8715064 0.8919065 0.8924743 1.1145972 0.8956069 0.8697485 0.8896436 0.5648574 0.8698815 0.8718424 0.8741425 5.0033620 4.8508265 0.8806569 1.2602795 1.1257389 1.1198312 0.8904442 0.8911094 0.9217458 0.8659682 1.1329531 0.8855255 0.8910259 0.8674825 3.6629998 0.9525109 0.8090121 0.8682326 0.8695021 0.8917186 0.8660337 0.8714561 0.8698002 0.8643948 0.7389919 0.8923990 0.8702500 0.8778173 0.0000000 0.6617975 
PP711852-Rousettus_bat_poxvirus_isolate_1A/Uganda/UGR70/2019 0.8904524 5.3239245 5.2495083 0.8910125 5.2712741 0.9973097 0.8923385 5.3067748 0.9494604 0.9935160 0.8884103 5.3284139 0.9069989 0.8932837 0.6856987 0.8974381 0.9535505 0.9512258 1.0236264 0.9388402 0.8915973 0.9346747 0.4836497 0.9054185 0.8934477 0.8973452 5.3126693 5.2026484 0.8935068 1.1928607 1.0102188 1.0049876 0.9570251 0.9525086 0.9460613 0.8879099 1.0174442 0.9042651 0.9406409 0.8912075 3.7854673 0.9581746 0.7339955 0.9225388 0.8917747 0.9509832 0.8876208 0.8927054 0.8917684 0.8901400 0.6846920 0.9420288 0.9138415 0.9198510 0.6617975 0.0000000 
